202200000000000000000000000000000000000000000000000000000000000000000000000000000000000000000000000000004711111111114447
000000000000000000000000000000000000000000000000000000000000000000000000000000000044111111111111111111111111111111477777
000000000000000000000000000000000000000000000000000000000441111111111111111111111111111111111111111111111111144477777400
000000000000000000000000000000000000000000000000000007111111111111111111111111111111111111111111111111111144777777400000
000000000000000000000000000000000000000000000000000007111111111111111111111111111111111111111111111111447777777777400000
000000000000000000000000000000000000000000000000000007411111111111111111111111111111111111111111114477744777777740000000
000000000000000000000000000000000000000000000000000000044111111111111111111111111111111111111114774444477777740000000000
000000000000000000000000000000000000000000000000000004777441111111111111111111111111111111444777444477777777740000000000
000000000000000000000000000000000000000000000044444444444741111111111111111111111111114447744444477777777774000000000000
000000000000000000000000000000000000000444444444444444444741111111111111111111111144477744444447777777774000000000000000
000000000000000000000000000004444444444444444444444444444741111111111111111111144777444444447777777777774000000000000000
000000000000000000000000444444444444444444444444444444444741111111111111111447777444444444777777777777400000000000000000
000000000000000000000000444444444444444444444444444444447741111111111114447744444444444777777777777700000000000000000000
000000000000000000000000000444444444444444444444444444477441111111144477744444444444777777777777777400000000000000000000
000000000000000000000000000004444444444444444444444444477441111444777444444444444477777777777777740000000000000000000000
000000000000000000000000000000444444444444444444444444774111447744444444444444477777777777777740000000000000000000000000
000000000000000000000000000000044444444444444444444447444447744444444444444447777777777777774000000000000000000000000000
000000000000000000000000000000047444444444444444444477777444444444444444447777777777777777744000000000000000000000000000
000000000000000000000000000000447777444444444444444444444444444444444447777777777777777774000000000000000000000000000000
000000000000000000000000004777777777444444444444444444444444444444444777777777777777777400000000000000000000000000000000
000000000000000000000477777777777777744444444444444444444444444444777777777777777777774400000000000000000000000000000000
000000000000000047777777777777777777774444444444444444444444444777777777777777777774400000000000000000000000000000000000
000000004004777777777777777777777777774444444444444444444444477777777777777777777440000000000000000000000000000000000000
000000477777777777777777777777777777774444444444444444444477777777777777777777774000000000000000000000000000000000000000
000000044447777777777777777777777777777444444444444444447777777777777777777777440000000000000000000000000000000000000000
000000000000447777777777777777777777777444444444444447777777777777777777777744000000000000000000000000000000000000000000
000000000000000477777777777777777777774444444444447777777777777777777777777400000000000000000000000000000000000000000000
000000000000000004477777777777777777774444444444777777777777777777777777744000000000000000000000000000000000000000000000
000000000000000000044777777777777777744444444777777777777777777777777774400000000000000000000000000000000000000000000000
000000000000000000000477777777777777744444477777777777777777777777777740000000000000000000000000000000000000000000000000
000000000000000000000044777777777777444477777777777777777777777777774400000000000000000000000000000000000000000000000000
000000000000000000000000777777777777777777777777777777777777777777440000000000000000000000000000000000000000000000000000
000000000000000000000000447777777777777777777777777777777777777774000000000000000000000000000000000000000000000000000000
000000000000000000000000004777777777777777777777777777777777777440000000000000000000000000000000000000000000000000000000
000000000000000000000000000447777777777777777777777777777777740000000000000000000000000000000000000000000000000000000000
000000000000000000000000000004777777777777777777777777777744000000000000000000000000000000000000000000000000000000000000
000000000000000000000000000000447777777777777777777777777740000000000000000000000000000000000000000000000000000000000000
000000000000000000000000000000047777777777777777777777774000000000000000000000000000000000000000000000000000000000000000
000000000000000000000000000000047777777777777777777774400000000000000000000000000000000000000000000000000000000000000000
000000000000000000000000000000047777777777777777777774000000000000000000000000000000000000000000000000000000000000000000
000000000000000000000000000000047777777777777777777400000000000000000000000000000000000000000000000000000000000000000000
000000000000000000000000000000000477777777777777440000000000000000000000000000000000000000000000000000000000000000000000
000000000000000000000000000000000477777777777777400000000000000000000000000000000000000000000000000000000000000000000000
000000000000000000000000000000000477777777777740000000000000000000000000000000000000000000000000000000000000000000000000
000000000000000000000000000000000477777777740000000000000000000000000000000000000000000000000000000000000000000000000000
000000000000000000000000000000000477777777740000000000000000000000000000000000000000000000000000000000000000000000000000
000000000000000000000000000000000077777774000000000000000000000000000000000000000000000000000000000000000000000000000000
000000000000000000000000000000004777774000000000000000000000000000000000000000000000000000000000000000000000000000000000
000000000000000000000000000000047777400000000000000000000000000000000000000000000000000000000000000000000000000000000000
000000000000000000000000000000047774000000000000000000000000000000000000000000000000000000000000000000000000000000000000
000000000000000000000000000000000000000000000000000000000000000000000000000000000000000000000000000000000000000000001997