888888888888888888888888888888888888888888888888888888888888888888888888888888888888888888888888888888888888888888888
888111111111111111111111111111111111111111111111111111111188888888888888888888888888888888888888888888888888888888888
888111111111111111111111111111111111111111111111111111111188888888888888888888888888888888888888888888888888888888888
888111111111111111111111111111811111111111111111111111111188888888888888888888888888888888888888888888888888888888888
888111111111111111111111111188811111881111111111111111111188888888888888888888888888888888888188888888888888888888888
888111111111111111111111111888888118881111111111111111111188888888888888888888888888888888881188888818888888888888888
888111111111111111111118888888888888888111111111111111111188888888888888888888888888888811111111888188888888888888888
888111111111111111118888888888888888888111111111111111111188888888888888888888888888818881181181181118888888888888888
888111111111111888888888888888888888881111111111111111111188888888888888888888888888811118181811181118888888888888888
888111111111118888888888888888888888888111111111111111111188888888888888888888888811111111111111811188888888888888888
888111111111118111118888888888888888888111111111111111111188888888888888888888888888811118111111111118888888888888888
888111111111111811111888888888888888888111111111111111111188888888888888888888888888888811811111111118888888888888888
888111111111111188888888888888888888888111111111111111111188888888888888888888888888888888111111111111888888888888888
888111111111111118888888888888888888888811111111111111111188888888888888888888888888888888118111111111888888888888888
888111111111111111888888888888888888888811111111111111111188888888888888888888888888888111111111111111188888888888888
888111111111111111118888888888888888888811111111111111111188888888888888888888888888881111111111111188888888888888888
888111111111111111888888888888888888111111111111111111111188888888888888888888888881111111111111118888888888888888888
888111111111111118888888888888888881111111111111111111111188888888888888888888888811111111111111188888888888888888888
888111111111111188888888888888888881111111111111111111188888888888888888888888888111111111111111188888888888888888888
888111111118888888888888888888888888111111111111111118888881118888888888888888881111111111111181118888888888888888888
888111111111888888888888888888888888888881111111111888888881111188888888888888118111181111111181111188888888888888888
888111111111118888888888888888888888888881111111188888888881111111888888888888881188881118111181181118888888888888888
888111111111111111111888888888888811881111111188888888888881111111111888888888888888881118111188888888888888888888888
888111111111111111111888888888111111111111118888888888888881111111111118888888888888881188188888888888888888888888888
888111111111111111118881111111111111111111888888888888888881111111111111188888888888888888888888888888888888888888888
888111111111111111111111111111111111111888888888888888888881111111111111881888888888888888888888888888888888888888888
888111111111111111111111111111111111188888811188888888888881111111111188888811888888888888888888888888888888888888888
888111111111111111111111111111111118888888111188888888888881111111111188888881118888888888888888888888888888888888888
888111111111111111111111111111118888888888111118818888888881111111888888888888888188888888888888888888888888888888888
188111111111111111111111111111888888811118111181111888888881111118888888888888888111188888888888888888888888888888888
188111111111111111111111111188888888888888111181888888888881111188888888888888888881111888888888888888888888888888881
088111111111111111111111188888888888888888811888888888888881118811111888888888111188111118888888888888888888888888888
088811111111111111111118888888888888888881111118888888888881111111118888888888111111111111118888888888888888888888880
088811111111111111111888888888888888888881811188888888888888111111111888888881111111111111111188888888888888888888880
018811111111111111888888888888888888888888811888888888888188881111118888888888111111111111888811888888888888888888880
008881111111111188888888111188888888888888888888888888811188888811111111881111111111111118888881111888888888888888880
008881111111118888888881111188888888888888888888888881111188888888811111111111111111118188888888181118888888888888800
001881111118888888811188111188111888888888888888881111111188888888888111111111111111888888888888888811188888888888800
000888111888888888818118111181181888888888888888111111111188888888888881111111111118888888888888888881111188888888800
000888188888888888888888111888888888888888888811111111111188888888888888881111111888811188888888111888811111888888000
000088888888888888888888111888888888888888811111111111111188888888888888888811111111111888888888811111111111118888000
000088888888888888888888811888888888888881111111111111111188888888888888888888111111111888888888811111111111118888000
000008888888888888888888111888888888888111111111111111111188811888881888888888888111111188888888111111111111188880000
000001888888888888888888811888888888111111111111111111188881111118811888888888888881111888888888811111111111188800000
000008888888888888888888888888888811111111111111111188888888818111811188888888888888811111188111111111111111888800000
000000888888888888888888888888881111111111111118888888888888881118111888888888888888888811111111111111111118881000000
000000018888888888888888888888111111111111111188888888888881111181118888888888888888888888111111111111111118810000000
000000008888888888888888888111111111111111111181111188888881111111111188888888888888888888881111111111111188800000000
000000008888888888888888811111111111111111111118811118888888111111111888888888888888888888888811111111111888800000000
000000000888888888888881111111111111111111111111888888888881111111111188888888888888888888888888811111118888000000000
000000000088888888881111111111111111111111111111188888888881181111111118888888888888888888888888888111188880000000000
000000000008888888111111111111111111111111111111118188888881111111111118888888888888888888888888888888888800000000000
000000000000818881111111111111111111111111111111111188888881111111118888888888888888888888888888888888818000000000000
000000000000008888111111111111111111111111111111118888888881111111888888888888888888888888888888888888800000000000000
000000000000000888881111111111111111111111111111118888888881111111888888888888888888888888888888888880000000000000000
000000000000000001888111111111111111111111111111188888888881111111888888888888888888888888888888888100000000000000000
000000000000000000888881111111111111111111188888888888888881111111888888888888888888888888888888880000000000000000000
000000000000000000081888811111111111111111118888888888888881118111111888888888888888888888888888100000000000000000000
000000000000000000000818881111111111111111111188888888888881111811811888888888888888888888888818000000000000000000000
000000000000000000000000888811111111111111111111111118888881118888888888888888888888888888888000000000000000000000000
000000000000000000000000008888111111111111111111111118888888888888888888888888888888888888800000000000000000000000000
000000000000000000000000000088888111111111111111111188811188888888888888888888888888888888000000000000000000000000000
000000000000000000000000000000188881111111111111111111111188888888888888888888888888881000000000000000000000000000000
000000000000000000000000000000081888811111111111111111111188888888888888888888888888180000000000000000000000000000000
000000000000000000000000000000000081888811111111111111111188888888888888888888888880000000000000000000000000000000000
000000000000000000000000000000000000818888811111111111111188888888888888888888818000000000000000000000000000000000000
000000000000000000000000000000000000000818888881111111111188888888888888888818000000000000000000000000000000000000000
000000000000000000000000000000000000000000081888888111111188888888888888188000000000000000000000000000000000000000000
000000000000000000000000000000000000000000000081888888811188888888888180000000000000000000000000000000000000000000000
000000000000000000000000000000000000000000000000008118888888888811000000000000000000000000000000000000000000000000000
000000000000000000000000000000000000000000000000000000001888188000000000000000000000000000000000000000000000000000000
000000000000000000000000000000000000000000000000000000000000000000000000000000000000000000000000000000000000000000000
000000000000000000000000000000000000000000000000000000000000000000000000000000000000000000000000000000000000000000001